0.001693773
0.002202082
0.003700256
0.005391765
0.007418895
0.009324503
0.01130979
0.01322811
0.0146415
0.01685679
0.01862061
0.02138531
0.02256427
0.02502761
0.02749691
0.02935886
0.0313442
0.03294697
0.03636188
0.03661227
0.03956909
0.04061489
0.04377546
0.04498074
0.04677396
0.05051222
0.05224068
0.05460174
0.05600033
0.05756409
0.06103635
0.06166723
0.06475499
0.06579826
0.0697941
0.07002656
0.07313023
0.07530642
0.07604656
0.07868433
0.080721
0.08333657
0.0846812
0.08862925
0.09413151
0.0915318
0.09827743
0.09875874
0.0974155
0.1016164
0.1011732
0.1049732
0.1078209
0.1093225
0.1135193
0.1136335
0.118356
0.1203118
0.1190308
0.1227515
0.1251306
0.1260522
0.1325036
0.1320058
0.1339049
0.1372547
0.1372367
0.151365
0.1462762
0.143973
0.1519955
0.1485253
0.1514756
0.1537593
0.1554876
0.1585174
0.1741075
0.1675648
0.1709958
0.1716916
0.1675622
0.1704881
0.175857
0.1745463
0.182193
0.1791926
0.1962952
0.1958807
0.1887674
0.1876912
0.1983549
0.1940071
0.193143
0.2016268
0.2021444
0.2015277
0.2176002
0.2103654
0.2070075
0.2217532
0.221241
