0.0001907826
0.0002060413
0.0002321243
0.0002830029
0.0005049467
0.0005280733
0.0004454136
0.0004049301
0.0007368327
0.0007982731
0.001127124
0.0009031534
0.0009912729
0.000753665
0.001416612
0.001523566
0.001281428
0.001193809
0.001247072
0.001116586
0.001696396
0.002316833
0.002338529
0.001326966
0.002219701
0.002838802
0.00202291
0.003064728
0.002432895
0.002825093
0.003229809
0.002652836
0.003946614
0.002844787
0.002188325
0.002910423
0.001890564
0.003261375
0.003153133
0.002051282
0.002689433
0.003082681
0.002817178
0.003739715
0.005095387
0.003369594
0.002947879
0.003093791
0.005838632
0.004980302
0.004995012
0.005434656
0.004718494
0.00327847
0.005852365
0.004163003
0.003213978
0.005089116
0.005863237
0.004139376
0.0034307
0.003308368
0.004217243
0.003945303
0.004259586
0.003970408
0.005232644
0.003968096
0.004661035
0.004341698
0.004551005
0.003975439
0.006714058
0.00460732
0.006380988
0.005331087
0.004794502
0.006427502
0.005754019
0.008071304
0.005347943
0.005650377
0.007786012
0.009328675
0.006563878
0.01005692
0.006262279
0.005339956
0.004961801
0.00910926
0.007085872
0.00616951
0.008095741
0.00941124
0.006868863
0.007042574
0.006847
0.006066847
0.006876898
0.01013551
0.01057308
0.007941293
0.01186922
0.008821631
0.00739851
0.00642519
0.006033826
0.01078269
0.01022925
0.01114113
0.01109347
0.01167316
0.006408834
0.008056808
0.007525277
0.0074862
0.007592416
0.009094906
0.006665993
0.006803036
0.006845474
0.007909608
0.01001689
0.009313726
0.01008651
0.01129138
0.00950992
0.009632419
0.008286023
0.01156745
0.01136987
0.01442292
0.01275253
0.008398938
0.008125949
0.01129756
0.01067569
0.009769273
0.008586526
0.007996631
0.01112771
0.011466
0.01066158
0.00943005
0.008895136
0.01114299
0.009733916
0.01097977
0.01213391
0.009627343
0.01240883
0.01218939
0.01070094
0.01000223
0.0131953
0.01409221
0.01855834
0.01239023
0.01614165
0.01531332
0.0155725
0.01670621
0.01368031
0.01053143
0.00943048
0.01391604
0.01319509
0.01199155
0.01185558
0.0125958
0.0115032
0.01730649
0.01695948
0.01256819
0.01475785
0.01330588
0.01158717
0.02032359
0.01503625
0.01679616
0.01352377
0.01371913
0.01366139
0.01236577
0.0132889
0.02027314
0.01600249
0.01155617
0.01232252
0.0125267
0.01590509
0.01465488
0.01281161
0.01094289
0.01719346
0.01378577
0.01678243
0.01376655
0.01680331
0.01488807
0.02243052
0.02217393
0.01954758
0.02392821
0.02019091
0.02171626
0.01613991
0.01783922
0.01189299
0.0189815
0.01359858
0.01603789
0.01686299
0.01704671
0.0168473
0.01530848
0.01469073
0.01829555
0.01566513
0.01884453
0.01663847
0.02171142
0.01293006
0.01602156
0.01389401
0.01554193
0.01848347
0.02348742
0.02158172
0.02022061
0.02116694
0.0235604
0.02430277
0.02010443
0.01718039
0.01907394
0.02013767
0.01537461
0.0153846
0.0150908
0.01615963
0.02037556
0.01958163
0.01703599
0.01419499
0.02265043
0.02178805
0.02487338
0.01758151
0.01463235
0.01786942
0.01987894
0.02015693
0.01772673
0.02679651
0.01945403
0.02243905
0.02730231
0.01806104
0.02437115
0.01661298
0.02207153
0.01684792
0.02363598
0.02788074
0.01779559
0.02030463
0.02340531
0.01915452
0.02268386
0.02758009
0.0200377
0.02146435
0.0238955
0.01780939
0.02150395
0.02627697
0.02380829
0.01595201
0.01683688
0.02655101
0.02594137
0.027297
0.02426949
0.0217324
0.02338242
0.02562232
0.02662475
0.02568595
0.02572608
0.01997488
0.01975343
0.02787297
0.02219622
0.02604518
0.02504978
0.02642829
0.0217083
0.02556183
0.02367341
0.02818799
0.02930183
0.0219543
0.02553523
0.02819125
0.02820926
0.03034256
0.02198379
0.03360817
0.03116054
0.02322736
0.02662806
0.02373044
0.02575038
0.01855099
0.02017059
0.02238577
0.02631772
0.02337632
0.0243454
0.02698255
0.02514422
0.02981014
0.02397363
0.02838557
0.03196769
0.02924323
0.03444967
0.03049402
0.03141165
0.02225859
0.02619348
0.02874205
0.0247905
0.02428908
0.03252222
0.03073056
0.02689149
0.01964772
0.02671597
0.03015039
0.0276022
0.03621032
0.02652102
0.03333271
0.03651877
0.02210059
0.02690008
0.03405855
0.02565234
0.03036451
0.02029328
0.02069407
0.0321315
0.03156738
0.03350081
0.0328274
0.03366888
0.03469954
0.02880552
0.03257752
0.02579882
0.02548273
0.0213085
0.03306887
0.02433078
0.02405944
0.03435819
0.02594741
0.02602582
0.0375787
0.0321537
0.02341714
0.02203887
0.02695484
0.03201592
0.0368557
0.0348021
0.03885677
0.03072786
0.03602827
0.0347559
0.03745403
0.03601415
0.03058245
0.03145668
0.03043728
0.03941719
0.03564415
0.02897546
0.03350034
0.0312767
0.02604251
0.03247719
0.02735148
0.03073368
0.035004
0.02684291
0.03391125
0.03478897
0.03263831
0.0298748
0.0371094
0.02898908
0.04140606
0.03445222
0.03669531
0.03668284
0.03055437
0.02440877
0.04179974
0.03181
0.03347261
0.03795521
0.03504872
0.04114189
0.03265035
0.033742
0.03968055
0.03766694
0.03205788
0.03638453
0.03261764
0.03768005
0.0358582
0.03245785
0.03898959
0.03733582
0.03808477
0.04078322
0.02977467
0.03101728
0.02680147
0.03130717
0.0395813
0.0314681
0.03987975
0.03508821
0.03216529
0.03607791
0.02917402
0.03596027
0.03292928
0.04154279
0.03940749
0.03969009
0.0343421
0.04352982
0.03644562
0.04147148
0.04555397
0.04387367
0.03695161
0.04057765
0.03286688
0.0307436
0.03924749
0.03287983
0.03544772
0.04158092
0.04240413
0.04334207
0.04304981
0.04064384
0.03811998
0.04712107
0.03648202
0.04347177
0.03890858
0.0421741
0.04366152
0.03953633
0.03941574
0.03731971
0.03979876
0.0429836
0.0443321
0.04525137
0.04261367
0.03850071
0.03924694
0.04876394
0.03630583
0.0366111
0.03720508
0.03988869
0.03361657
0.03696327
0.04027238
0.03916249
0.05022152
0.0406105
0.03674495
0.03484008
0.05711679
0.04714038
0.04084718
0.04838202
0.03960772
0.03946371
