1.852512e-05
1.664162e-05
1.964569e-05
3.020763e-05
3.039837e-05
4.420281e-05
5.795955e-05
5.726814e-05
8.020401e-05
7.581711e-05
4.835129e-05
0.0001065016
0.0001201868
0.0001195669
0.0001377106
0.0001424551
9.682179e-05
0.0001037836
9.582042e-05
0.000152874
9.739398e-05
9.968281e-05
0.0001648665
0.0001473189
0.0002018213
0.000308609
0.000250864
0.000250721
0.0003328085
0.0003070116
0.0002487183
0.0002446175
0.0002370596
0.0002247572
0.0001749992
0.0002064943
0.0001956701
0.0002194405
0.0002685547
0.0003614187
0.000266695
0.0002131224
0.0002556086
0.0002943993
0.0002700806
0.0003412485
0.0002628565
0.0002794027
0.0004091024
0.0002797842
0.000587225
0.0004897356
0.0005694866
0.0005428791
0.0006503105
0.0005165815
0.0005068779
0.0005149126
0.0003922701
0.0007077455
0.0007477522
0.0005615234
0.0004704237
0.0004758358
0.0004956961
0.0008126974
0.0006327391
0.0006178856
0.0007218599
0.0008087635
0.000862217
0.0007633925
0.0007264853
0.0006736756
0.0007038355
0.0005414009
0.0009483814
0.0005738258
0.0006577969
0.0007907152
0.0009231329
0.0005984068
0.000447917
0.0004718304
0.0004787445
0.0004931212
0.0005861759
0.000515008
0.0005382061
0.0009270669
0.0008413076
0.0009479761
0.0007921934
0.001196289
0.001357246
0.001097393
0.001068044
0.0007714987
0.0006914854
0.0006637096
