6.620884e-05
7.252693e-05
8.823872e-05
7.786751e-05
8.161068e-05
0.0001596689
0.0001803398
0.0002063274
0.0002514124
0.0003658056
0.0002729893
0.0003257275
0.000267601
0.0003330231
0.000421238
0.0002828598
0.0002925396
0.0003090143
0.0003242016
0.000395298
0.0004284143
0.0007305861
0.0005744934
0.000599885
0.0007842779
0.0007307291
0.0007138729
0.0008233309
0.001009679
0.0005577326
0.0007318974
0.0006182194
0.0008011341
0.000666523
0.0006828785
0.000670886
0.00081532
0.0007060051
0.0007281065
0.0009804487
0.0007907391
0.001566481
0.0009358644
0.0009083748
0.0008424044
0.0008452177
0.0008763075
0.0009321213
0.001581717
0.001853514
0.001494527
0.001024246
0.002410912
0.001831198
0.001621532
0.002067828
0.001815343
0.001471805
0.0019485
0.001289225
0.001321244
0.001423931
0.002044821
0.002635646
0.002201033
0.001275897
0.00131464
0.001607132
0.001368117
0.001608634
0.001791549
0.001683474
0.001554322
0.002279091
0.001749253
0.001443934
0.001503563
0.0017102
0.003342915
0.002324462
0.002907324
0.001552558
0.002659702
0.00292077
0.003082609
0.002398682
0.00266192
0.002407765
0.002203417
0.002455711
0.001928043
0.002062082
0.002144146
0.002636814
0.002344108
0.002731681
0.003066945
0.002081132
0.00368402
0.003657985
0.002815413
0.003105712
0.003507614
0.002914381
0.002371383
0.003800821
0.003732133
0.00359869
0.002395296
0.00210588
0.002465796
0.002142119
0.003305292
0.002340031
0.002509093
0.002773881
0.002262282
0.00327239
0.003212619
0.003079414
0.002307677
0.00422411
0.00515852
0.004821968
0.003290272
0.002709532
0.003079081
0.002788591
0.002825379
0.003952193
0.003485083
0.003362918
0.004286742
0.004572797
0.005179787
0.005101204
0.002785301
0.005742169
0.004739452
0.005138969
0.00564282
0.005278587
0.0031358
0.002812195
0.003452396
0.004922676
0.004051208
0.004759025
0.003669882
0.003200197
0.00369761
0.003219318
0.003226972
0.003523135
0.003694415
0.003201914
0.003133368
0.006209492
0.003742147
0.003744554
0.003211665
0.004575276
0.004143357
0.003296113
0.004189801
0.003955817
0.007557821
0.005708266
0.005383349
0.005106139
0.003904486
0.004042983
0.003984213
0.006719136
0.005244017
0.004430437
0.005596757
0.007306075
0.007155705
0.004185533
0.00607667
0.005439281
0.003884911
0.003915668
0.006424522
0.005450177
0.008581376
0.006744242
0.004070187
0.006113195
0.005120373
0.007552529
0.005480051
0.005211568
0.006727886
0.004929566
0.008368182
0.00538311
0.008334803
0.008220554
