0.0004159212
0.0005744696
0.0008948803
0.001322699
0.001802564
0.002418542
0.002817249
0.003388667
0.003626895
0.004734278
0.00504334
0.005348825
0.005789447
0.006325078
0.006814885
0.00733068
0.007768822
0.008975935
0.009421706
0.01007273
0.01034558
0.01094461
0.01185022
0.01239853
0.01290481
0.01486504
0.01331286
0.01390657
0.01426382
0.01493866
0.01527081
0.01611002
0.0164921
0.01735971
0.01949608
0.01971724
0.02056231
0.02151628
0.02156651
0.02155905
0.02287073
0.02252023
0.02341344
0.02377796
0.0246326
0.02463756
0.02587566
0.02587519
0.02767096
0.02706273
0.02900207
0.02767701
0.02808371
0.02865221
0.03049152
0.02980776
0.03112433
0.03182135
0.03178828
0.03194993
0.03296952
0.03285859
0.03331671
0.0344594
0.03436463
0.03594472
0.03535755
0.03683612
0.03809006
0.0415731
0.04117346
0.04287691
0.04248521
0.04328492
0.04380887
0.04378331
0.04564178
0.04476872
0.04743941
0.0459558
0.04765363
0.04698219
0.05035398
0.04999549
0.05009131
0.04974711
0.0535176
0.05116985
0.05192351
0.05260878
0.05232587
0.05351818
0.05350022
0.05407536
0.05419255
0.05816734
0.05530825
0.05599532
0.05648463
0.05894132
0.05918172
