0.000614953
0.0008036137
0.001339889
0.001954818
0.002709031
0.003240132
0.004045081
0.004692674
0.005613589
0.006204891
0.006985021
0.00755434
0.008519435
0.008971906
0.01005988
0.01039698
0.01166012
0.01210256
0.01284669
0.01335635
0.01438563
0.01559193
0.01592672
0.01648867
0.01756561
0.0184058
0.01905348
0.01978858
0.02155042
0.02165346
0.02190976
0.02289672
0.02360389
0.02464716
0.02502639
0.02615502
0.02654574
0.02801108
0.02796106
0.0295918
0.03124628
0.03213165
0.03152223
0.03253896
0.03282673
0.03356376
0.03439913
0.03604131
0.03654368
0.03719561
0.03837728
0.03887322
0.04020808
0.04046829
0.0418793
0.04200504
0.04391663
0.04495528
0.0455539
0.04555202
0.04671669
0.04724639
0.04832556
0.04812462
0.04872696
0.05243197
0.05101881
0.0522924
0.05202429
0.05616121
0.05402193
0.05592181
0.05724583
0.0563998
0.05831058
0.05841832
0.06405249
0.06056652
0.06464565
0.06124873
0.06410551
0.06390386
0.06414428
0.06566994
0.06491952
0.0686001
0.06664214
0.07156532
0.06947329
0.07308812
0.07154303
0.07245798
0.07337358
0.07429132
0.07588098
0.07501402
0.07644067
0.0759764
0.07817183
0.0815244
0.08114591
