0.0001167774
0.0001689911
0.0002632856
0.0002811193
0.0005117416
0.0004575968
0.0004999876
0.0005295038
0.0006141186
0.0006836891
0.001129985
0.0008229494
0.00135653
0.001083374
0.001341534
0.001453662
0.001176286
0.001486278
0.001381516
0.001725578
0.001521444
0.001646376
0.001941753
0.00260756
0.002810216
0.001959396
0.002313805
0.00202291
0.002466679
0.003176951
0.003259778
0.002552629
0.004424071
0.004379869
0.002855158
0.002814484
0.002921796
0.003374457
0.003237939
0.006489754
0.00475297
0.003918982
0.00433104
0.003913426
0.00369482
0.004645657
0.003590107
0.003972101
0.004292417
0.007437015
0.005916095
0.00452888
0.005778002
0.004799509
0.006799675
0.00468142
0.006345225
0.004788327
0.007253052
0.006335235
0.005027819
0.00612545
0.005128002
0.009219694
0.008047485
0.004920316
0.005771589
0.007052827
0.008702111
0.01023924
0.005271912
0.005445051
0.006513572
0.006631374
0.008094145
0.008247924
0.0086972
0.009007311
0.008966017
0.007917833
0.007157898
0.008367419
0.008471203
0.006746363
0.006814957
0.009056187
0.007915235
0.01253145
0.01104231
0.0142062
0.008873749
0.01262882
0.01126478
0.009226203
0.009446812
0.009581541
0.01209874
0.01264295
0.01058283
0.01132376
0.01274517
0.01317842
0.008030486
0.01239009
0.01043804
0.009376121
0.01415958
0.008239484
0.0165746
0.01062102
0.01518378
0.01303895
0.01205165
0.01209066
0.01532478
0.01618879
0.01175342
0.0103817
0.01218956
0.01276135
0.01208661
0.0160465
0.01271601
0.01086032
0.01423364
0.009564567
0.013906
0.01676149
0.0198667
0.01437337
0.01827846
0.01994464
0.01361492
0.01319947
0.01296639
0.01656451
0.0168149
0.01715579
0.01380794
0.01556056
0.01478341
0.02168672
0.02123697
0.01323857
0.01453972
0.01612604
0.02032881
0.02019532
0.01483536
0.0127162
0.0224041
0.01842291
0.018804
0.01315131
0.014926
0.01814728
0.01430869
0.01403589
0.01887772
0.01447256
0.01731579
0.0143867
0.01709511
0.0209945
0.02134821
0.01434872
0.02182519
0.01568678
0.01563199
0.01633742
0.02119865
0.01476397
0.01897597
0.02015688
0.01970711
0.02012844
0.01935036
0.01904469
0.02079191
0.01995635
0.0185775
0.02179139
0.02397602
0.01850932
0.02172091
0.02029569
0.01661298
0.02293837
0.01852112
0.01518893
0.02377949
0.0281332
0.0226938
0.02342336
0.02852964
0.02293921
0.02112191
0.01641963
0.01540539
0.02799256
0.02299109
0.02285452
0.02643602
0.02396426
0.01790688
0.02793346
0.01798489
0.02483289
0.02174892
0.01702654
0.02350762
0.0179059
0.02328043
0.02611876
0.02611546
0.02324481
0.022593
0.02648203
0.0242672
0.02662039
0.02791219
0.0211211
0.02488787
0.02208111
0.01799316
0.02149882
0.02368174
0.02532418
0.03208642
0.02908273
0.01961465
0.01887076
0.02969851
0.02739408
0.02215214
0.02952624
0.03083367
0.02474458
0.03039188
0.02582557
0.02356942
0.02701812
0.02191074
0.0265837
0.03186362
0.02370973
0.01706712
0.02041249
0.0261055
0.02012737
0.02250576
0.02223222
0.02830818
0.01950209
0.02162287
0.02846115
0.02610748
0.03183658
0.02367141
0.02191954
0.01788037
0.02668161
0.02882612
0.02467954
0.02693136
0.02639089
0.02441747
0.02587793
0.0229779
0.02787051
0.02241805
0.0293561
0.02136352
0.02270071
0.02154303
0.0290293
0.03050313
0.02856927
0.0325007
0.02197197
0.03275306
0.02429769
0.02519507
0.02745769
0.02678046
0.02264912
0.02376537
0.02583032
0.02843041
0.02677782
0.02438805
0.02930312
0.0245831
0.03209987
0.02409043
0.0255852
0.02721346
0.03258398
0.03545001
0.02640171
0.03061452
0.02601607
0.02144442
0.03572111
0.0256392
0.02597229
0.03315909
0.02429886
0.03173738
0.03330672
0.03211815
0.0323694
0.03031192
0.02534323
0.03090792
0.02514529
0.02642779
0.02948275
0.02312801
0.03132639
0.02810238
0.02732582
0.02958376
0.03157442
0.03490224
0.03024225
0.024843
0.02988059
0.03198912
0.03292694
0.03830724
0.03202608
0.03017416
0.02620978
0.02842278
0.02475686
0.02983401
0.02816913
0.02929468
0.02721463
0.0208091
0.0377485
0.03311854
0.02677758
0.03817291
0.03766801
0.03242781
0.03195808
0.02649243
0.02953572
0.03448896
0.02897342
0.02663758
0.02638421
0.02857258
0.03009412
0.02862248
0.0272609
0.03856599
0.03483021
0.02723794
0.02997735
0.03304074
0.02566924
0.03025572
0.02743182
0.02683718
0.03299582
0.0324532
0.02366204
0.02752299
0.03644352
0.02920778
0.02557991
0.03513427
0.03239062
0.03008664
0.0287704
0.03197126
0.02819281
0.02520058
0.03713007
0.03484769
0.03141725
0.02822383
0.03434024
0.03601727
0.02931185
0.03587258
0.03093755
0.02771392
0.03471289
0.03493688
0.02834582
0.03246894
0.03881621
0.02968595
0.02635443
0.03281987
0.02545559
0.02636371
0.03903108
0.02621665
0.02402427
0.03568208
0.03254209
0.03293006
0.02675021
0.0324537
0.03192158
0.03089096
0.03598664
0.04066258
0.04041903
0.03253958
0.03679614
0.03625291
0.03490758
0.03532875
0.02656169
0.02447028
0.03074503
0.02798786
0.03403408
0.03552446
0.03066101
0.02755651
0.03557291
0.02823799
0.02455535
0.02873027
0.02812657
0.02651498
0.02231646
0.02715564
0.03600779
0.03809905
0.02989426
0.03611751
0.03603222
0.03030066
0.03653457
0.03674295
0.02758687
0.03135106
0.02842669
0.03605611
0.03275859
0.03369682
0.03310506
0.03912704
0.02511392
0.02806566
0.02683446
0.03207953
0.03091369
0.03340211
0.03145878
0.0286052
0.03916156
0.03911486
0.03517489
0.03527873
0.03292329
0.03728974
0.0360882
0.02965961
0.0412622
0.03119187
0.02656396
0.02923152
0.02615636
0.03298981
0.03333917
0.0348372
0.03067665
0.03470004
0.03102501
0.03366444
0.03631473
0.03709691
0.02799041
0.0298872
0.0375094
0.0305845
0.02728233
0.0354362
0.03371391
0.03279302
0.03640447
0.02700377
0.02283335
0.03853266
0.03188648
0.03189661
0.0284421
0.02923763
0.03920538
0.03511863
0.03574135
