4.427433e-05
7.166862e-05
0.0001128197
0.0001226187
0.0001381159
0.0001467943
0.0001600266
0.0002984762
0.0001989841
0.0002173423
0.0002483368
0.0002846002
0.0003176689
0.0003429889
0.0004133701
0.0008681774
0.0008906126
0.0008312226
0.000800252
0.0009715081
0.0008288384
0.0008597135
0.0007338285
0.001019502
0.000668025
0.0006859541
0.0007095098
0.000725317
0.000864768
0.000776124
0.0007835388
0.001551795
0.001459861
0.001205683
0.001406979
0.001477814
0.001447892
0.001561284
0.0009681939
0.001644969
0.001252413
0.001378155
0.001132178
0.001057029
0.002323294
0.001933217
0.001493502
0.001921272
0.001791405
0.001454902
0.001620936
0.001586485
0.001352453
0.001866794
0.001791453
0.001579952
0.001451301
0.001479268
0.002196646
0.001952195
0.001995635
0.001866984
0.002087617
0.001635838
0.001739526
0.00246582
0.003756571
0.002650189
0.002583051
0.002028227
0.002045608
0.001827383
0.002990818
0.002939081
0.002143955
0.002631021
0.002562094
0.002211166
0.003327513
0.003097844
0.003486037
0.002815032
0.002486587
0.002873659
0.002660966
0.003205276
0.002857804
0.00236578
0.004336071
0.003962111
0.002712178
0.00214076
0.002140808
0.003218889
0.0022331
0.003025317
0.002527738
0.002188015
0.004256654
0.004216504
0.004868412
0.003133702
0.003409195
0.003761625
0.003061008
0.002381515
0.002998114
0.004691458
0.004826403
0.003363395
0.002531648
0.003914857
0.005194521
0.00300715
0.002808499
0.002716422
0.003101158
0.002653289
0.005284595
0.005344486
0.004447961
0.003982401
0.002894688
0.003364492
0.003796768
0.00561018
0.005533862
0.005176807
0.003029823
0.003573942
0.003758693
0.003779626
0.004172468
0.003966641
0.002905345
0.004250407
0.003574944
0.003432202
0.005244684
0.003386187
0.00342207
0.003246188
0.003285241
0.00343833
0.004250526
0.00327096
0.004971313
0.003752851
0.003746033
0.003033853
0.003497434
0.003054214
0.003074885
0.003089476
0.004325914
0.0035882
0.004659319
0.006751108
0.005635524
0.004466343
0.004872417
0.006363797
0.004023552
0.004580259
0.005245352
0.004283738
0.005061388
0.00489254
0.004576969
0.004476285
0.004186344
0.005209041
0.003724051
0.00620358
0.005607319
0.00649476
0.003200436
0.003740978
0.004641461
0.003441334
0.003826117
0.00328474
0.006934166
0.005581117
0.003813791
0.003714108
0.004414535
0.007280397
0.005669689
0.004754448
0.004819202
0.0070508
0.004779577
0.006176972
0.004409861
0.004589748
0.006082273
0.004986954
0.004119349
0.004417658
