1.823902e-05
5.118847e-05
5.447865e-05
0.0001269341
0.0001720905
0.0001616001
0.0002111197
0.0002216101
0.0002484083
0.0002493143
0.0003423929
0.0003276825
0.0004047632
0.0004117966
0.0004338265
0.000469923
0.0004284859
0.0004132748
0.0003453016
0.0003530502
0.0006638527
0.0003703594
0.0005193472
0.0003650904
0.0004851341
0.0004149914
0.0005388976
0.0009195566
0.000686121
0.0005289078
0.0005209208
0.0005433083
0.0005406857
0.0006041527
0.0005316019
0.001025033
0.0007797003
0.0006740808
0.001186013
0.001101303
0.0008413076
0.00126009
0.001240063
0.001233769
0.0008556843
0.001310182
0.0009377956
0.001561833
0.001152945
0.0009456158
0.0008277416
0.000916028
0.0008711338
0.000895691
0.001605177
0.001203966
0.001090145
0.001705384
0.001289749
0.001096201
0.0009371996
0.0008230448
0.0008241892
0.0008977175
0.0009394169
0.0009307623
0.001059008
0.001072192
0.001162148
0.0008982658
0.001832867
0.0009055137
0.0009982586
0.001082635
0.001671481
0.002092099
0.001575852
0.001063132
0.001645064
0.001271319
0.001777458
0.001011705
0.001556325
0.000938201
0.0009473085
0.0009503125
0.0009584665
0.0009578228
0.001119828
0.001820088
0.0019871
0.001714873
0.001430988
0.0009627819
0.0009797812
0.001109529
0.001272607
0.0009633064
0.001078463
0.001327324
