4.000664e-05
7.076264e-05
0.0001150608
0.000178647
0.0003309965
0.0004244089
0.0004108667
0.0004230023
0.0004988671
0.0005163908
0.0007091284
0.0008191109
0.0007753371
0.000856495
0.0006100893
0.001174378
0.001332951
0.0011549
0.0009752035
0.001156688
0.001139307
0.001000762
0.000837183
0.001679874
0.001528716
0.001148319
0.0009989977
0.001328516
0.002026057
0.001459241
0.00129292
0.002493906
0.002110958
0.001546907
0.001442123
0.00251689
0.001891375
0.001757121
0.002593446
0.002087641
0.001698589
0.00157752
0.002048063
0.003192925
0.002704191
0.003222775
0.001690793
0.001726794
0.00176549
0.001898551
0.002026057
0.003752375
0.003133917
0.003101587
0.002451253
0.002292275
0.00299387
0.002075601
0.002070403
0.002674794
0.002344823
0.002410889
0.002209926
0.002232194
0.004270792
0.004953599
0.00545361
0.003754687
0.004505634
0.00514741
0.004933667
0.003854322
0.002507496
0.002549267
0.004652929
0.003202295
0.002629972
0.002787375
0.005237484
0.003496933
0.002717185
0.00350852
0.003648019
0.00336566
0.003762317
0.003322196
0.002888036
0.003236866
0.00346098
0.004631114
0.004066515
0.005135918
0.005210137
0.005034065
0.004247475
0.003113699
0.003334212
0.004393911
0.003248
0.00531292
0.006305265
0.004733014
0.006549931
0.003605914
0.004261088
0.003774786
0.005287003
0.004021549
0.004909849
0.005675602
0.004841137
0.004698753
0.006635213
0.006758189
0.007557583
0.004779196
0.004706883
0.005256701
0.005985999
0.005492854
0.007515097
0.005163908
0.005250502
0.003734541
0.004677582
0.006715012
0.004385805
0.005366063
0.004386902
0.006398225
0.007221818
0.006817293
0.005598736
0.006616688
0.007781482
0.00393343
0.006403732
0.005016732
0.00605278
0.005340481
0.005675793
0.005323386
0.004953385
0.005153394
0.006765723
0.005951047
0.005694579
0.007228423
0.005065227
0.006265235
0.007268811
0.004699683
0.00732379
0.007852124
0.007404208
0.005822348
0.007095456
0.004962468
0.007862044
0.008846115
0.00761807
0.007588934
0.005967117
0.006958628
0.006345773
0.006160855
0.007639788
0.005454016
0.006151867
0.006732511
0.004910016
0.005717826
0.004981255
0.006432342
0.005742001
0.004972028
0.004802418
0.005668879
0.005609202
0.004335547
0.008162617
0.004692698
0.004369593
0.007742071
0.006360221
0.004968309
0.005076933
0.006449485
0.005706692
0.00565784
0.004851318
0.005315471
0.004407835
0.006199407
0.006733656
0.004734445
0.009468221
0.006457686
0.005311394
0.005090904
