2.458096e-05
3.397465e-05
4.81844e-05
8.335114e-05
0.0001037121
0.0002347469
0.0002209902
0.0001978874
0.0001737356
0.0003337145
0.0001761437
0.0001976728
0.000267601
0.000220561
0.0003037691
0.0006048203
0.000495863
0.0005398035
0.0006253719
0.0006794214
0.0006720543
0.0006139279
0.0007750273
0.0006108999
0.000766778
0.0006404161
0.0006249428
0.0004967451
0.0007879019
0.0008155108
0.0009810448
0.0008909702
0.0007019758
0.00112536
0.001093507
0.0009672641
0.0009775877
0.0009980678
0.001283598
0.001121902
0.0009991646
0.0007824659
0.0007222414
0.0008630037
0.0006858349
0.0008097887
0.0008012771
0.0008555651
0.0009231329
0.001024151
0.001275969
0.00109911
0.0007335186
0.0007486343
0.000948453
0.0007588863
0.0007867813
0.0007790804
0.001695752
0.001391625
0.001627183
0.0009412765
0.0009394407
0.001814842
0.001269913
0.001901102
0.001416707
0.00140562
0.001331663
0.000993681
0.001332402
0.001269054
0.000991416
0.0009685039
0.001119113
0.000907588
0.0009362698
0.0009664773
0.001715493
0.001435256
0.00112617
0.001088667
0.002092075
0.001644683
0.001552176
0.001208615
0.001182914
0.001753545
0.002121282
0.001397657
0.002019167
0.001664615
0.001507807
0.001651812
0.001574325
0.001277423
0.001177979
0.002254319
0.001674628
0.001774406
