0.0001022101
0.0001995325
0.0004565716
0.0004211664
0.001119304
0.001016164
0.0008685827
0.0009254456
0.00105145
0.001224136
0.001276779
0.001623583
0.002230477
0.001628089
0.001624346
0.001633096
0.001885152
0.001849675
0.002004814
0.004080773
0.002196527
0.002290034
0.003470492
0.002497363
0.003168511
0.002762985
0.003250003
0.003430414
0.004056263
0.003651404
0.003277063
0.00441637
0.004069829
0.004210925
0.004267669
0.004688907
0.005362129
0.004679584
0.00437777
0.005859923
0.005044818
0.005819512
0.00460918
0.006362176
0.008534217
0.007023406
0.006390118
0.006174994
0.00667131
0.009665489
0.0114454
0.006736613
0.006953454
0.007821059
0.01185563
0.006254911
0.006149268
0.00857594
0.01148322
0.009097194
0.009604884
0.01226454
0.008367944
0.006994724
0.007526469
0.0104058
0.009764623
0.008414387
0.01095662
0.01287692
0.009480309
0.01157889
0.01106939
0.01437042
0.0155906
0.01025209
0.01116676
0.0123002
0.0133223
0.0122901
0.01363709
0.0101141
0.01354928
0.009333968
0.01514578
0.01285501
0.01621456
0.02045901
0.01776209
0.01607206
0.01685631
0.01288333
0.01467247
0.01115217
0.01341641
0.01411798
0.0127722
0.01068582
0.01075697
0.01842344
0.01366651
0.01361482
0.01183701
0.0220175
0.01891849
0.01509323
0.01529729
0.01437037
0.01728439
0.01668236
0.01638136
0.02094657
0.0157336
0.01968555
0.0191216
0.01331782
0.01841991
0.01424827
0.0173409
0.01713238
0.0188045
0.01584153
0.01705713
0.02286289
0.0253706
0.01553195
0.01624491
0.01953271
0.02133338
0.02441928
0.01582181
0.02102747
0.01618981
0.01461
0.01851842
0.02387524
0.02242639
0.01885271
0.02110341
0.02130044
0.02669471
0.02302487
0.02413499
0.02679849
0.01879082
0.02419357
0.02692609
0.02659979
0.02054357
0.02390623
0.02472207
0.02672787
0.01758919
0.01877678
0.02147021
0.01982512
0.03342803
0.02395461
0.02034831
0.02285621
0.02386272
0.02452741
0.02227724
0.01891141
0.01697445
0.0283807
0.01964929
0.02002268
0.01921103
0.02623184
0.01955626
0.01956956
0.02633271
0.02944622
0.03508389
0.02650621
0.03306739
0.02860301
0.02679992
0.02052159
0.02782877
0.03165669
0.02877915
0.03111081
0.02542026
0.0260112
0.02217107
0.03114297
0.03207366
0.03658576
0.02042828
0.02653429
0.02526424
0.0273
0.03243511
0.02510085
0.03286471
0.02097278
0.02776578
0.03270397
0.02007856
0.02216139
0.02703412
0.03637228
0.02576909
0.02810035
0.02686002
0.0235709
0.02775388
0.02735014
0.02973647
0.02966652
0.03792665
0.02931013
0.03206403
0.02956359
0.03138857
0.030229
0.02781627
0.03606243
0.0275816
0.02600949
0.03503451
0.0319572
0.02421195
0.0318943
0.02652695
0.02767353
0.02613111
0.03012021
0.03540418
0.03590329
0.03292897
0.02544262
0.02714999
0.03015082
0.03308611
0.03034604
0.03315256
0.02751136
0.02763116
0.02753103
0.02598038
0.02906461
0.02930756
0.02843065
0.0290715
0.0329015
0.02752719
0.03044512
0.03210943
0.03242736
0.03236601
0.02729099
0.03852515
0.02997213
0.03586151
0.02694342
0.02828109
0.03854167
0.02458765
0.0427377
0.04211442
0.03748953
0.04282858
0.03666682
0.03106871
0.04179609
0.02703953
0.03887324
0.03215087
0.03043587
0.03864241
0.03747852
0.02616546
0.03880086
0.03598065
0.03356559
0.03411365
0.04605341
0.03551049
0.03719017
0.03393166
0.02727487
0.03668289
0.03941228
0.03240192
0.03164666
0.02988999
0.0331032
0.03079789
0.03708298
0.0392231
0.031921
0.03446975
0.04078641
0.04128463
0.03398278
0.0360004
0.03649552
0.03707507
0.04203153
0.03318458
0.03163862
0.02933035
0.03495951
0.04075577
0.03654342
0.04052586
0.03698299
0.04030878
0.05153585
0.03211231
0.03508477
0.03953471
0.04244039
0.03560462
0.04482424
0.0330081
0.04062784
0.03044033
0.03585265
0.03683414
0.03767912
0.04006002
0.03752875
0.04386609
0.0416533
0.04102395
0.03772638
0.03507078
0.04752142
0.04653678
0.04188624
0.05040066
0.04086461
0.04248776
0.03499689
0.03712781
0.04319582
0.03283518
0.04557173
0.03912559
0.04312346
0.0420382
0.03589811
0.03671412
0.03651047
0.04001291
0.03782868
0.03683278
0.03561699
0.03789918
0.042957
0.03897469
0.04350867
0.04238348
0.05027554
0.03533812
0.03697143
0.03972902
0.04498675
0.04771347
0.046087
0.03718212
0.03567164
0.03540988
0.04179971
0.03153479
0.03787999
0.03347659
0.0351547
0.04032099
0.04531023
0.03423786
0.04069405
0.03533394
0.03713922
0.04395232
0.0482759
0.04687645
0.03542643
0.04560907
0.04477189
0.04706118
0.04093351
0.04031017
0.03336361
0.04580584
0.05077679
0.04188743
0.0482234
0.05375481
0.037113
0.03851338
0.03858123
0.03990488
0.04085128
0.04164829
0.05227158
0.04353032
0.04840603
0.04699747
0.0439688
0.03632743
0.03438489
0.03716369
0.03632608
0.04044273
0.04270077
0.04105909
0.05360584
0.04229438
0.04630043
0.03556709
0.0525398
0.04240391
0.05300887
0.04362681
0.04735379
0.03827393
0.04645884
0.04871972
0.03816054
0.04703167
0.04762931
0.04141626
0.0342217
0.0393882
0.03643167
0.04572365
0.03957789
0.04843784
0.04661925
0.04216766
0.05322917
0.04106004
0.0475131
0.04003723
0.04403312
0.04435062
0.04493504
0.04221766
0.03704271
0.03667901
0.0441273
0.04785583
0.04621265
0.04905198
0.04764845
0.03489918
0.04782333
0.04027204
0.04470043
0.04513004
0.03736367
0.04902432
0.04142115
0.0460892
0.03697851
0.04674351
0.04672046
0.04584854
0.05074346
0.05194776
0.04835486
0.05463245
0.05090389
0.03643658
0.03976412
0.03911521
0.03744309
0.0419522
0.0454565
0.03935087
0.05069563
0.04192784
0.04334283
0.04781163
0.05001056
0.05709429
0.04565196
0.0411531
0.04984062
0.03494172
0.04056277
0.04840186
0.03999503
0.05921867
0.0570914
0.03499832
0.04948957
0.04198973
0.05020955
0.0508338
0.0468575
0.05054862
0.04332352
0.0454962
0.0429981
