6.234646e-05
0.0001222849
0.0002355814
0.000265646
0.0003545284
0.0003860474
0.0004302979
0.0004083157
0.0004773378
0.0005085945
0.0008767844
0.0007567406
0.001086259
0.0008950711
0.0008459091
0.0007725716
0.0006779194
0.0006377935
0.0006738901
0.0008989573
0.0007615805
0.001019382
0.0008415937
0.0008741617
0.000922823
0.0009503126
0.0009770155
0.001021147
0.001069903
0.001085877
0.001158905
0.001392698
0.001958537
0.002484345
0.001906443
0.002243447
0.002167892
0.001476955
0.002021098
0.003060603
0.002670884
0.001681518
0.002375436
0.003050995
0.002086401
0.001852202
0.002165389
0.002068782
0.002008653
0.001775646
0.002854443
0.002016497
0.001894259
0.001944613
0.002507758
0.004036331
0.004426599
0.003833389
0.002375817
0.00378716
0.00421145
0.003389096
0.002778458
0.003683472
0.002633381
0.004541588
0.005083728
0.003524876
0.004634547
0.003456616
0.003650975
0.003284788
0.003684211
0.002554464
0.002593255
0.004613709
0.003440118
0.003743959
0.004355574
0.004078937
0.003203201
0.004544306
0.004589081
0.004656935
0.003745556
0.003897786
0.004000092
0.003281212
0.004234696
0.004277992
0.004162931
0.003045487
0.003117681
0.003138017
0.003167748
0.003616786
0.005194473
0.005749893
0.003592873
0.003747249
0.006000304
0.005307412
0.006542063
0.004830837
0.003409886
0.005514598
0.004044318
0.003592515
0.004400849
0.006500101
0.006233096
0.003794408
0.00395062
0.003697395
0.004116607
0.004126978
0.005122685
0.006784272
0.007814169
0.006478405
0.006395769
0.00456574
0.004216886
0.004329944
0.006995821
0.005542445
0.005396867
0.004388094
0.005935764
0.004363585
0.005370212
0.007073736
0.006988978
0.004428554
0.003939819
0.004632783
0.004637861
0.00608592
0.005163956
0.004046059
0.006252885
0.004033875
0.004845285
0.004060245
0.005733633
0.0059196
0.006395698
0.007961203
0.005366205
0.008098126
0.004161287
0.009234953
0.005188608
0.005362606
0.005322123
0.004246044
0.009173345
0.006772423
0.004879141
0.00569849
0.008363772
0.007034754
0.005611134
0.006145716
0.004893875
0.00761671
0.004338241
0.005787612
0.006227779
0.005456233
0.007932996
0.004421377
0.008652376
0.006310177
0.004844975
0.006787705
0.006167602
0.008438803
0.005840492
0.00471282
0.005903173
0.004449272
0.005663252
0.004443026
0.006817937
0.006618547
0.009017682
0.007696915
0.008780312
0.006109834
0.00876422
0.007646107
0.006653809
0.006115269
0.009500575
0.006772686
0.005147838
0.005089688
0.005548596
0.006469488
