2.059936e-05
2.999306e-05
4.036427e-05
5.090237e-05
4.734993e-05
6.768703e-05
7.019043e-05
8.761882e-05
0.000134325
0.0001162529
0.0001183033
0.000142169
0.0002506971
0.0003238916
0.0003035546
0.0003499269
0.0004093409
0.0003269195
0.0003044605
0.0003438473
0.0004345417
0.0003504515
0.0002687931
0.0004721165
0.0003784418
0.0004706383
0.000305295
0.0004050255
0.0006509304
0.0006319523
0.0005781412
0.0005404234
0.0007024527
0.0005178452
0.0003786802
0.0003707409
0.0003772974
0.0003805161
0.0003926754
0.0004079342
0.0004279613
0.0008134365
0.000604701
0.0008266687
0.0005671978
0.0004665375
0.0004838705
0.0008522748
0.0009657383
0.0008818387
0.0009803535
0.0009923458
0.0009064197
0.0008060932
0.0007468462
0.001125479
0.0009026051
0.000723505
0.0006756782
0.0005304813
0.0008811474
0.0008714437
0.0009002686
0.0007781982
0.0006142139
0.0006226778
0.001443911
0.001090288
0.0008816004
0.001103759
0.001298237
0.00112493
0.0007851362
0.0008104325
0.0007660866
0.0009612799
0.0007607222
0.0007879258
0.000807786
0.0007461072
0.001001406
0.0007394314
0.0006827354
0.001178575
0.0009634494
0.001004195
0.0008840562
0.0008723736
0.001494622
0.001508903
0.001147199
0.0008659124
0.001627302
0.0007045984
0.0009673119
0.0009468079
0.0009584427
0.001601839
0.00145371
0.0007464171
