0.0001608849
0.0002859831
0.0004034519
0.0006472111
0.0006213188
0.0008719206
0.0006936073
0.001104355
0.001723313
0.00156219
0.002241778
0.001782107
0.001295257
0.001827049
0.002899408
0.002225566
0.001769328
0.003619647
0.003718162
0.002871227
0.002473736
0.002709532
0.004252291
0.005069876
0.005324435
0.005478048
0.005719018
0.005404663
0.004723692
0.003184128
0.006068301
0.003500819
0.005385208
0.003587198
0.004887199
0.004448819
0.006648445
0.006047058
0.004800415
0.005488634
0.009077882
0.005635953
0.004655576
0.00477469
0.009535216
0.006991052
0.006787659
0.008146596
0.008456373
0.006426239
0.007008076
0.006534076
0.01125839
0.01056058
0.007869554
0.008281708
0.009275865
0.00973854
0.008286857
0.009020306
0.0104249
0.01308298
0.01263749
0.008323909
0.0140835
0.009945011
0.009953475
0.0102226
0.00793426
0.009181953
0.0112984
0.008886123
0.01203747
0.009179116
0.01288459
0.01007061
0.0104223
0.009563612
0.01667764
0.009625507
0.01493964
0.01559684
0.01880689
0.01232722
0.01457639
0.0143976
0.0118417
0.01515722
0.01967421
0.01727061
0.01109924
0.01120803
0.01503043
0.01287549
0.01615906
0.01556895
0.01168668
0.02007275
0.0210218
0.01979425
0.01747871
0.01412163
0.01103668
0.01386564
0.01131139
0.01484654
0.01431582
0.02100117
0.02337728
0.01463432
0.01783493
0.01197093
0.01898811
0.01471198
0.01425564
0.02104652
0.01790233
0.01522617
0.01651976
0.01822479
0.01814744
0.02602706
0.01649504
0.02546322
0.0173325
0.01349752
0.01432426
0.02014291
0.02645493
0.02453663
0.01763179
0.02360385
0.02051725
0.02510252
0.0173125
0.02298198
0.02171121
0.02718489
0.01984281
0.02003474
0.02253256
0.02628763
0.0266104
0.02313988
0.02418892
0.01719639
0.02167244
0.02527671
0.01565943
0.02104556
0.02108128
0.01594555
0.02414048
0.02175431
0.02395999
0.02788207
0.0185859
0.0229207
0.02493553
0.02435977
0.02890561
0.02572472
0.01866591
0.02320457
0.01756218
0.02321181
0.02311077
0.02709427
0.02643042
0.02059982
0.03227158
0.02024052
0.02704215
0.02588856
0.02134008
0.02598279
0.01977227
0.02023413
0.02651632
0.02321868
0.02116151
0.02662366
0.02438843
0.03440568
0.03266177
0.02924645
0.02042267
0.02226009
0.02343638
0.02630782
0.02507212
0.03217134
0.0241715
0.02952473
0.02953892
0.02575982
0.03188152
0.02803056
0.0312876
0.02586162
0.02601948
0.02524293
0.03236043
0.03001473
0.02927608
0.0318224
0.02423418
0.03053715
0.02725568
0.03497057
0.02904537
0.0259985
0.02845874
0.02707775
0.02939518
0.02472465
0.0285811
0.02516932
0.02535081
0.02377238
0.02824016
0.0246155
0.03100035
0.03174093
0.03818226
0.03393657
0.03377223
0.03453457
0.02875252
0.03293769
0.0289741
0.03031056
0.03991547
0.0318887
0.0353066
0.02628756
0.03610392
0.03789773
0.02882214
0.03009629
0.03438825
0.03072457
0.03745634
0.0321193
0.04282808
0.03447768
0.0390276
0.03575659
0.039942
0.03439
0.03680837
0.0327306
0.02864032
0.03388824
0.02954469
0.03352079
0.03100808
0.02651153
0.03510397
0.03025622
0.03265767
0.02859094
0.03709555
0.03422709
0.03528645
0.04621458
0.03894269
0.03129618
0.03717871
0.03383338
0.03816054
0.0293036
0.02583101
0.03940189
0.04660158
0.03222468
0.03454378
0.03685942
0.03755682
0.03455661
0.04131856
0.03301721
0.0423414
0.04827039
0.04216271
0.03789735
0.0422605
0.04443042
0.02919693
0.03324082
0.03771832
0.03476286
0.0390136
0.03848469
0.03695095
0.03343711
0.03195393
0.02983682
0.03555362
0.03435447
0.04094455
0.02961121
0.03836746
0.03647923
0.03424051
0.03254442
0.04014401
0.04201515
0.03342476
0.0435646
0.03807874
0.03953388
0.03843451
0.04079873
0.03703373
0.03515055
0.04096866
0.03411679
0.04154007
0.04123311
0.04225409
0.0302356
0.032917
0.04260208
0.04413445
0.04403162
0.03402245
0.04542391
0.04552085
0.0400152
0.03506439
0.03808169
0.03799727
0.03714185
0.03884447
0.03444438
0.03504283
0.04435859
0.0361244
0.04147289
0.03389661
0.03601763
0.03604968
0.04987881
0.03446612
0.03926971
0.03171265
0.04657559
0.04454133
0.04348567
0.03700006
0.04394991
0.04964402
0.0480607
0.0418515
0.04263139
0.03698714
0.04029398
0.03447232
0.04375997
0.03941419
0.03342054
0.03840544
0.04654303
0.04246838
0.04485037
0.03954489
0.03621974
0.05084565
0.0403146
0.03744182
0.04250307
0.04508183
0.04953222
0.04419188
0.04595153
0.04888112
0.04385624
0.05415928
0.03428009
0.03376093
0.03498587
0.04303966
0.04540141
0.04228931
0.0480979
0.0483602
0.03639526
0.04666915
0.04104598
0.04160819
0.03594298
0.03370333
0.04872594
0.04104362
0.0386076
0.03657737
0.03889601
0.04282639
0.04003
0.05225749
0.04683714
0.0436753
0.04896831
0.05398204
0.04427888
0.04137943
0.03931649
0.04423675
0.035935
0.04182105
0.04307263
0.05318699
0.04651065
0.04167521
0.04783497
0.04181342
0.04852994
0.04714329
0.04125831
0.0523026
0.03666294
0.04614572
0.04513142
0.04303081
0.046137
0.04741151
0.04499197
0.04207377
0.03629992
0.04094546
0.04665005
0.04639533
0.03802876
0.0347589
0.0451575
0.0440115
0.04266131
0.04443781
0.04321487
0.04848521
0.0450069
0.04693906
0.04454796
0.04858692
0.04463379
0.05210037
0.048473
0.04440558
0.03861337
0.05069349
0.03626423
0.04662042
0.04237702
0.04530997
0.05229099
0.05302358
0.04931054
0.04887314
0.05729911
0.0487823
0.05091679
0.04591217
0.04275825
0.03948588
0.04229412
0.04602549
0.04603686
0.04336839
0.04055197
0.04309909
0.03408043
0.04565847
0.04354048
0.04909678
0.03482139
0.0462955
0.04252608
0.0476295
0.05272613
0.04587078
0.04867566
0.0432728
0.04697757
0.04257433
0.04728746
0.0501663
0.0485961
0.0430584
0.05091543
0.04230192
0.03989663
0.04158697
0.04046564
0.03895626
0.04878347
0.0500874
0.04673514
0.04565604
0.03909707
