0.003483248
0.004556298
0.008163833
0.01139657
0.01537478
0.01943469
0.0232064
0.02725689
0.03301375
0.03661559
0.04202182
0.04426906
0.04747503
0.05281646
0.05656881
0.06000476
0.06520093
0.06866801
0.07292037
0.07950322
0.08195
0.08528786
0.08994365
0.0964422
0.09926119
0.1035996
0.1062222
0.112218
0.115395
0.1237707
0.1281626
0.1301592
0.1326621
0.13929
0.1427406
0.1487501
0.1511488
0.1585691
0.1651371
0.1638684
0.1696306
0.1777101
0.1810707
0.1819355
0.1898401
0.1922387
0.1948242
0.2014023
0.2029809
0.2105212
0.2202427
