0.001221895
0.001532436
0.002654314
0.003556442
0.005334306
0.006362915
0.008415103
0.009658623
0.01080198
0.01198761
0.01380479
0.0141768
0.01603889
0.01663864
0.02098241
0.02136929
0.02329741
0.02498851
0.02483134
0.02728484
0.02782857
0.03027849
0.03000331
0.03129783
0.03285184
0.03464532
0.03657789
0.04035137
0.04280055
0.04304617
0.04678957
0.04592776
0.04765551
0.04902654
0.0497751
0.05235696
0.05269952
0.05685413
0.05595985
0.05755336
0.05813162
0.06163158
0.0645715
0.06278856
0.0648423
0.06538401
0.06785967
0.06825063
0.07373312
0.07143631
0.07203862
0.07832439
0.07574527
0.079635
0.08222413
0.08472142
0.09060862
0.09005273
0.0937865
0.09284086
0.09521487
0.1006357
0.09650431
0.1048404
0.09942865
0.1062023
0.1018868
0.1038097
0.1075678
0.1086834
0.1123405
0.1137729
0.1114211
0.1167502
0.1167498
0.1160749
0.1191569
0.1188319
0.1225117
0.1216483
0.1251805
0.1313216
0.1269471
0.1370343
0.12983
0.1314407
0.1374643
0.1339886
0.1392702
0.1396416
0.1381267
0.1434469
0.1436349
0.1440561
0.1467944
0.1469781
0.152408
0.1511155
0.1501797
0.1565764
0.1558001
