6.761551e-05
6.272793e-05
0.0001017332
0.0001065254
0.0001290083
0.0001247644
0.0002130747
0.0002183437
0.000185132
0.000226593
0.0002275467
0.0002412081
0.0002313375
0.0004708052
0.0003523588
0.0003652096
0.0003465652
0.0003236532
0.0003312588
0.0003982067
0.000375247
0.0004146814
0.0005133867
0.0004266977
0.0004356146
0.0006051779
0.0009464978
0.0009541034
0.0007285595
0.0006751299
0.000633955
0.0006737948
0.0006086349
0.0006234646
0.0006842852
0.0006552935
0.0007977247
0.001610923
0.001250267
0.001060653
0.0009263277
0.0009672165
0.0008332729
0.0009523391
0.001601029
0.001862168
0.001664877
0.001542139
0.001369214
0.0009380818
0.00123117
0.001473689
0.00128088
0.001229239
0.001036859
0.001097989
0.001133347
0.001302624
0.001437807
0.002124596
0.001830959
0.001357079
0.001183963
0.002377701
0.001645517
0.002246833
0.00295682
0.001926255
0.001651716
0.001895475
0.002658153
0.001638198
0.002046394
0.00140841
0.002952504
0.003049231
0.001761675
0.002175617
0.002695155
0.00268507
0.002755117
0.002154112
0.00196712
0.001882124
0.001901579
0.001712918
0.001698422
0.002005291
0.001965165
0.002526784
0.001994681
0.003472853
0.003396583
0.002242017
0.002055001
0.001876593
0.003358388
0.001928711
0.00328145
0.004184341
0.002827859
0.003296781
0.002709198
0.002286386
0.002317476
0.002303028
0.002689934
0.003779674
0.002731776
0.003150177
0.00277214
0.003552913
0.004194426
0.002667642
0.003127289
0.003437257
0.002607989
0.002458215
0.003705454
0.003375936
0.002505755
0.003122401
0.002755976
0.002764416
0.004078746
0.002638412
0.003122473
0.002798414
0.002505827
0.00516398
0.004020238
0.00407145
0.003603292
0.00267508
0.003043842
0.003198099
0.003398991
0.00303762
0.002705502
0.005398369
0.004425621
0.004270196
0.002817059
0.004255032
0.005436587
0.003102422
0.00414753
0.00291543
0.00292759
0.004406786
0.003457188
0.003476715
0.003410339
0.003037477
0.003923607
0.004590177
0.003677368
0.005794215
0.006629515
0.004298902
0.003255248
0.003744698
0.004186368
0.004235792
0.003700924
0.003896856
0.003809357
0.00458262
0.004002404
0.003977823
0.004308987
0.003528905
0.004972625
0.003605962
0.007688999
0.006897283
0.007326436
0.007842875
0.004910088
0.00584147
0.007681894
0.004422903
0.003975511
0.007088876
0.007625842
0.008638764
0.006899023
0.007209992
0.006598687
0.005526424
0.00476768
0.007514667
0.00754478
0.006825995
0.008477497
0.005817532
0.007873082
0.006538892
0.005709791
0.006187009
