8.013248e-05
9.799004e-05
0.0001309395
0.0001464128
0.000164938
0.0001819134
0.0002029181
0.0004630566
0.0003918409
0.0005019903
0.0003920317
0.0005226374
0.0004440784
0.0004360199
0.0004188538
0.0005810022
0.0004872083
0.0008138179
0.0006208897
0.0007433892
0.0007967234
0.0007846117
0.0007420302
0.0008868932
0.0008057117
0.0008212805
0.001262283
0.0008847237
0.001064181
0.0009356737
0.001001978
0.001025057
0.001151967
0.001259708
0.001226378
0.002646804
0.002992392
0.002747416
0.002369165
0.001833892
0.002170992
0.001909852
0.001907206
0.001524496
0.001579166
0.001862526
0.002069426
0.00288372
0.002400494
0.002976489
0.00224719
0.002207446
0.004077697
0.002151203
0.002383065
0.004268694
0.002715135
0.002314091
0.002589583
0.003202224
0.002603173
0.002451515
0.003173589
0.002447438
0.002560019
0.002638125
0.00418446
0.003761196
0.002466416
0.003298092
0.00482378
0.002693582
0.004062653
0.003620434
0.004473209
0.003184009
0.003824544
0.00376122
0.004480124
0.004287291
0.003648615
0.00479424
0.004187369
0.004785681
0.005503678
0.003641224
0.004541183
0.006978393
0.007150197
0.004164457
0.004486013
0.003958082
0.004095769
0.005670571
0.003494859
0.004987645
0.004536629
0.005409932
0.004125333
0.007542181
0.004741573
0.004153776
0.005733919
0.00839529
0.005781674
0.003920555
0.003889465
0.005276108
0.0045964
0.004196072
0.005114984
0.004676175
0.008571339
0.007727909
0.005605531
0.004673362
0.004767275
0.005023361
0.005789924
0.00607059
0.005204868
0.007912136
0.005246806
0.005617189
0.0057791
0.005302215
0.007279134
0.00597136
0.006391477
0.006107259
0.004825902
0.005354166
0.007181239
0.00575335
0.004958248
0.006493973
0.005966878
0.005864596
0.005239201
0.006056213
0.005441213
0.00581131
0.008253431
0.006916022
0.006449151
0.008243131
0.00588038
0.005926704
0.008814048
0.008523393
0.008321192
0.007294226
0.01331234
0.006356907
0.007414365
0.01128688
0.01034579
0.007961846
0.01214671
0.01053152
0.009076285
0.01006188
0.01180096
0.008894802
0.009050203
0.01258948
0.009947325
0.010554
0.008882928
0.01102817
0.01042902
0.01144493
0.00938127
0.01040122
0.01235723
0.01385109
0.01519558
0.007937217
0.008581209
0.01120718
0.007062793
0.01033592
0.007181311
0.009063315
0.01515558
0.009586597
0.01534901
0.01111562
0.0101758
0.01503651
0.01497703
0.01071649
0.007938695
0.0106684
0.009836387
0.01223807
0.010274
0.0139652
0.00956099
0.01006019
0.01143439
0.01105561
0.01212342
0.01050971
0.01380546
0.009868574
0.008211112
0.008985591
0.01073649
0.01552839
0.008387184
0.01070943
0.01349606
0.01034837
0.008430076
0.01271479
0.0146157
0.0124274
0.01301413
0.01253452
0.01067863
0.01586208
0.011534
0.008691406
0.009949899
0.009892774
0.009803986
0.01235991
0.01278243
0.009903978
0.01760027
0.0168062
0.01193304
0.0142364
0.01273882
0.01518056
0.01043596
0.01568668
0.01437342
0.01561046
0.01512661
0.01488712
0.01173706
0.0112184
0.01529567
0.01224525
0.01252394
0.01503866
0.01622942
0.009877324
0.01349945
0.01252231
0.01303248
0.01236658
0.01236007
0.012273
0.01349998
0.01114633
0.01344559
0.01173596
0.01500549
0.01233857
0.01466851
0.0129293
0.01272581
0.01178591
0.0163378
0.01240864
0.01382806
0.01633179
0.01325242
0.01589451
0.01501179
0.01780753
0.01445031
0.01944199
0.01452842
0.01246729
0.01196465
0.0116539
0.01459355
0.02008769
0.02230981
0.01199196
0.01777382
0.01399474
0.01849682
0.0171366
0.01457734
0.0189909
0.01440477
0.01640558
0.01390266
0.01745258
0.01628635
0.01735804
0.01770599
0.02141182
0.01824057
0.01661198
0.01471896
0.02081597
0.01486518
0.01614253
0.01384585
0.01252504
0.02255359
0.01400163
0.01837747
0.01797199
0.02214344
0.01309912
0.01268761
0.01778509
0.01817822
0.02500761
0.0165103
0.01716769
0.02101057
0.01866376
0.01643429
0.01514065
0.02559242
0.0263324
0.02358823
0.02208519
0.01637549
0.02380777
0.01391058
0.01678887
0.01692216
0.01737449
0.02219546
0.01848788
0.01377392
0.0169462
0.02156828
0.02567179
0.02515011
0.0172245
0.01375408
0.01731813
0.01670859
0.02324069
0.02257104
0.01758008
0.02553659
0.0149101
0.01487877
0.02087553
0.01630428
0.0176358
0.01995928
0.01720982
0.0147938
0.01471362
0.02248127
0.02256231
0.01648886
0.02765467
0.02224858
0.02079258
0.01778648
0.02396295
0.01904409
0.01964121
0.01861608
0.02247777
0.0282166
0.02080023
0.02052269
0.02633975
0.02321658
0.02453749
0.02069931
0.02396688
0.02246385
0.0255687
0.02051215
0.01991467
0.02329481
0.01564577
0.02220578
0.02303691
0.02764273
0.0209868
0.020731
0.02676389
0.01964278
0.02460923
0.0289603
0.02244773
0.01872561
0.02478576
0.02349148
0.02385111
0.02209404
0.02976117
0.02646863
0.02729761
0.02100432
0.02874618
0.02662966
0.01904099
0.02950544
0.02760246
0.02002103
0.02606018
0.02579789
0.01716621
0.02635169
0.02951691
0.03181763
0.02826517
0.02187316
0.03008962
0.02952657
0.02546563
0.02849333
0.03068881
0.0205893
0.02579789
0.03349271
0.02795813
0.03022151
0.03160117
0.02533028
0.02976234
0.03020058
0.02807374
0.02674499
0.02186678
0.0279192
0.02299285
0.02119255
0.03711317
0.02256033
0.0319176
0.03239705
0.023681
0.02475038
0.01986399
0.0282182
0.0188355
0.02378566
0.0210068
0.02755392
0.0286067
0.02361178
0.02023714
0.03290756
0.02719319
0.03317644
0.02537971
0.03470259
0.02489827
0.0320941
0.02705536
0.02043071
0.03192706
0.02850256
0.02796528
0.02628899
0.03253343
0.02819457
0.03748627
0.03354027
0.03935387
0.03654049
0.02449617
0.02940814
0.02754498
0.03666072
0.0274193
0.0248112
0.03171844
0.02462034
0.02406571
0.02648184
0.02380271
0.02925985
0.03343952
0.03753038
0.03492701
0.03649566
0.03519211
0.02728396
0.02134669
0.02523751
0.02298791
0.02710576
0.03217349
0.02437663
0.02704596
0.03412178
0.02538855
0.03066859
0.02475901
0.03077176
0.03553863
