0.002751088
0.003371024
0.005752182
0.008046961
0.01149299
0.01383419
0.01681748
0.02053373
0.02334054
0.02584498
0.02795403
0.0330668
0.03398061
0.0365413
0.04296164
0.0445575
0.04854152
0.05040717
0.05283299
0.05793829
0.05857432
0.06228712
0.06640656
0.06716371
0.0715127
0.07809117
0.07560492
0.08446338
0.08971648
0.09152191
0.09443674
0.09700789
0.1027886
0.1036033
0.1059698
0.1125451
0.1139211
0.1149536
0.1212077
0.1253812
0.1239907
0.1327311
0.1347195
0.13967
0.1404537
0.1389402
0.1415588
0.1453636
0.1530896
0.1545849
0.1543642
0.1598028
0.1619677
0.1656828
0.1746717
0.1817088
0.1867531
0.1923408
0.1953095
0.1987824
0.200454
0.2077772
0.2100298
0.2082172
0.2175021
0.2145947
0.2200654
0.2214769
0.2311573
0.2320032
0.2346735
0.2332943
0.2407525
0.2417061
0.2422614
0.2476209
0.250375
0.253112
0.2558408
0.2609082
0.2666034
0.265048
0.267323
0.2793381
0.2816895
0.2810397
0.2839747
0.2863775
0.2904287
0.2975134
0.3028678
0.3090211
0.2997106
0.3063418
0.3105101
0.3099424
0.3144224
0.3217689
0.3296268
0.332715
0.3303364
