3.552437e-05
3.28064e-05
3.790856e-05
5.605221e-05
4.658699e-05
5.950928e-05
6.995201e-05
0.0001004696
0.0001032829
0.0001389742
0.0001157522
0.0002701044
0.000173378
0.0003177404
0.0002518892
0.0002601623
0.0002469063
0.000369525
0.0003590345
0.0003376961
0.0003095389
0.0005259276
0.0004393101
0.0004822254
0.0005720139
0.0005790949
0.0003901243
0.0003886223
0.0004511356
0.000587821
0.0006347895
0.0006354809
0.0006074428
0.0005876541
0.0008605242
0.0008102178
0.0007272243
0.0004633903
0.0006322145
0.0004639864
0.0005540371
0.0004976273
0.0004763603
0.0005266666
0.0006368398
0.0008442877
0.000695157
0.0008198023
0.0006571054
0.0007564306
0.001100206
0.001272893
0.00140214
0.001050067
0.0014539
0.001250696
0.001364875
0.001289987
0.001120901
0.001720953
0.001420283
0.00121758
0.001092053
0.001494932
0.001620722
0.000911522
0.0009319067
0.0008871793
0.001727986
0.002018237
0.001485634
0.00163765
0.001194358
0.001193213
0.001332188
0.001309609
0.0012393
0.001243615
0.001304793
0.0009822845
0.002165937
0.001508856
0.001368856
0.001049066
0.001185202
0.001188135
0.001209402
0.001408172
0.001326776
0.001557207
0.001158381
0.001504493
0.001640511
0.00166347
0.002240276
0.002153826
0.001488161
0.00238204
0.002882791
0.002795577
0.002436805
0.002339959
0.002123785
0.001384687
0.001453137
0.001448274
0.001817703
0.002160668
0.001971006
0.00166955
0.001455164
0.003225303
0.002962446
0.001751447
0.001524115
0.001747012
0.001719809
0.001527905
0.001752233
0.002683187
0.002807426
0.00301733
0.001911092
0.002081776
0.001826286
0.0016613
0.001601672
0.002108073
0.002043724
0.003481388
0.002774191
0.003616237
0.002037907
0.001880384
0.002227569
0.002103114
0.002883959
0.003488088
0.002354622
0.002016663
0.003730893
0.003323698
0.003336477
0.002554727
0.00213604
0.002163792
0.002504993
0.001945973
0.002833962
0.002397823
0.003362489
0.002166772
0.002633047
0.002319145
0.003115511
0.003520608
0.002694917
0.002999377
0.00244
0.002477193
0.003848958
0.003194189
0.002299452
0.002367306
0.003848219
0.004459524
0.003233147
0.002727008
0.00395
0.003319597
0.004645634
0.002733111
0.002943182
0.004191327
0.004350615
0.002925849
0.005652309
0.003173375
0.004792595
0.004923391
0.00410223
0.00355978
0.003437209
0.004573512
0.005145883
0.003288508
0.002892876
0.005002308
0.005661392
0.004262877
0.005312729
0.004496908
0.006311941
0.006652093
0.006276417
0.006241465
0.005029583
0.00322957
0.003932524
0.003139186
