0.003698325
0.004608369
0.007930469
0.01170075
0.01523695
0.01975591
0.02421043
0.02707174
0.03121402
0.03661759
0.04075818
0.04342799
0.048823
0.05271115
0.05573289
0.06111577
0.06867635
0.06813693
0.07276649
0.08151715
0.08558989
0.0858181
0.09228793
0.09596143
0.09833236
0.1037552
0.1134126
0.1165199
0.1157367
0.1227449
0.1250865
0.1307397
0.1338795
0.1412779
0.1442385
0.1497864
0.1538579
0.1606309
0.1608594
0.1735613
0.1784257
0.1739796
0.1856949
0.1849453
0.1941206
0.1932473
0.1946662
0.2082844
0.2168095
0.2166279
0.2146309
0.2237953
0.2270128
0.2321817
0.2451889
0.2403489
0.2426797
0.2504047
0.2647839
0.2539225
0.2634854
0.2738285
0.2750464
0.2740448
0.2802897
0.299079
0.3010148
0.2955443
0.3021866
0.309531
0.3144414
0.3134775
0.3208633
0.323793
0.3265573
0.3405362
0.3461813
0.3396789
0.3425487
0.3484864
0.3592221
0.3719189
0.3681641
0.3760202
0.3739426
0.3820011
0.3896888
0.3931966
0.3967068
0.4030886
0.3994889
0.4059283
0.4140193
0.4231117
0.4316865
0.4277938
0.4414926
0.4378413
0.4461504
0.4602389
0.4627456
