0.000592804
0.0008099079
0.001315808
0.00203085
0.002667689
0.00335629
0.004101062
0.004806566
0.005470347
0.006094503
0.006809616
0.007983232
0.008549333
0.009137416
0.009967089
0.01054275
0.01160662
0.0121505
0.01327403
0.01354494
0.01447184
0.01497941
0.01620879
0.01674824
0.01795156
0.01793516
0.01928184
0.01946089
0.02111123
0.02137611
0.02278755
0.02373307
0.02386313
0.02453504
0.02571859
0.02596829
0.02654827
0.02769396
0.02823825
0.0293052
0.02989044
0.03196728
0.0309695
0.03446367
0.03308851
0.03624315
0.03431163
0.03535139
0.03617372
0.0379442
0.03757386
0.03957939
0.04010611
0.04069729
0.04269514
0.04171102
0.0453547
0.04330554
0.04590299
0.04564419
0.04629848
0.04680402
0.0487988
0.04877029
0.04987786
0.05016897
0.05061529
0.05426035
0.05209243
0.0571094
0.05447981
0.05657883
0.05516312
0.05748492
0.05799859
0.05836597
0.06131666
0.05956462
0.06206641
0.06175706
0.06417637
0.06305828
0.06601722
0.0656492
0.06697652
0.0673146
0.067592
0.07391818
0.06836376
0.07390497
0.07067761
0.07344899
0.07217586
0.07330711
0.0737
0.0743202
0.0755625
0.07719965
0.07851009
0.07802057
0.09000096
