0.001684427
0.002125335
0.003701615
0.00533967
0.007384443
0.009238553
0.01115167
0.01343379
0.0151797
0.01775665
0.01874606
0.02140076
0.02272675
0.02481341
0.02676659
0.02938495
0.03167069
0.03236799
0.03432617
0.0361865
0.03848469
0.0400665
0.0426822
0.04559622
0.04695971
0.04901328
0.05080535
0.05383184
0.05490875
0.05823267
0.06039364
0.0609592
0.0655004
0.06588178
0.06923015
0.07017953
0.07415979
0.07533751
0.07678404
0.0786288
0.08066087
0.08462312
0.08427057
0.08834248
0.0944742
0.09139431
0.09562328
0.09516003
0.09930777
0.1015761
0.1028859
0.1056029
0.1060661
0.1085756
0.1133423
0.1128525
0.1240722
0.1184262
0.1185275
0.1227758
0.1246064
0.1291632
0.1316341
0.1303696
0.133657
0.1345877
0.1385085
0.1481497
0.141
0.1433335
0.152731
0.1472971
0.1522261
0.1581291
0.1541264
0.1624618
0.1617378
0.1614564
0.172629
0.1660622
0.1689677
0.1784237
0.1741773
0.177059
0.1848642
0.1797559
0.1885309
0.1882912
0.1855376
0.1966528
0.1922463
0.1946264
0.1983504
0.2068584
0.2011279
0.199956
0.2097964
0.2083286
0.2121728
0.2217058
0.2124147
