3.540516e-05
2.782345e-05
4.701614e-05
5.35965e-05
5.180836e-05
5.469322e-05
5.505085e-05
5.557537e-05
8.165836e-05
8.244515e-05
0.000148654
0.0001647234
0.00016222
0.0001621723
0.0001512051
0.0001407862
0.0001499414
0.0001914024
0.0001654387
0.0002149582
0.0001912832
0.0003846407
0.0003051281
0.0002940178
0.0002859354
0.0002665758
0.00033741
0.0002966881
0.0002669811
0.0003865957
0.0003421307
0.0005015612
0.0003521204
0.0003236056
0.0003239632
0.0005736828
0.0004562378
0.0005671501
0.0004595518
0.0006698847
0.0007194996
0.0005677223
0.0005136728
0.0004774809
0.0004277468
0.000920105
0.0007353306
0.0005879879
0.0007617236
0.0009526729
0.000818634
0.0007271051
0.0007935047
0.0008496046
0.0008629322
0.000925684
0.0009222746
0.0008069515
0.0007129908
0.0005783558
0.0008423329
0.00101273
0.0010535
0.001221824
0.001000833
0.001028442
0.0008561135
0.0008266211
0.001311588
0.0008737564
0.0008285761
0.0009660245
0.001070428
0.001488638
0.001472426
0.001026916
0.0007184743
0.001404405
0.001458001
0.001561022
0.001062346
0.0009303093
0.0008156061
0.0008188486
0.001557302
0.00129559
0.00141623
0.001371479
0.00126431
0.001703548
0.001302051
0.001098919
0.001048565
0.0008752823
0.001013422
0.001135087
0.001088285
0.001495409
0.001641273
0.001825428
