0.0001815319
0.0001372576
0.0002486467
0.0002527952
0.0002056837
0.0003171921
0.0004139423
0.0003438473
0.0005425215
0.0009451389
0.0009869098
0.001162839
0.001000595
0.001177287
0.000804615
0.0008186341
0.00166173
0.001434636
0.001517701
0.001097393
0.001221204
0.00153408
0.001259327
0.001372504
0.001263046
0.001447034
0.001320481
0.001392674
0.001840949
0.001494003
0.002023697
0.001852226
0.001664591
0.002444315
0.002087784
0.003727293
0.003581667
0.003074646
0.00368917
0.002067137
0.002291894
0.002143979
0.002903509
0.002290297
0.002354884
0.003082395
0.002438927
0.0029176
0.002951789
0.003181815
0.003398609
0.005940414
0.00306313
0.005728531
0.004299593
0.00438478
0.00388453
0.004123235
0.005131078
0.005694985
0.00441196
0.005514216
0.007874894
0.005237794
0.003941536
0.005856681
0.003894687
0.003680873
0.004180265
0.00740211
0.004610777
0.003935289
0.005310774
0.004547095
0.004677129
0.006760025
0.004903364
0.006806898
0.005854845
0.005012893
0.007076407
0.007588149
0.005015445
0.005919075
0.009381484
0.006851125
0.005584884
0.008851625
0.005790925
0.007217479
0.005233216
0.006505299
0.00564115
0.01125648
0.005582571
0.006083632
0.006542277
0.01012676
0.007772946
0.006836152
0.01164174
0.006431603
0.005650377
0.008228993
0.007257438
0.01029921
0.01219554
0.01135511
0.006893301
0.01058722
0.01068568
0.01095667
0.009492732
0.00885117
0.007338357
0.006503081
0.008318949
0.01297183
0.01078727
0.00945046
0.01204088
0.01053627
0.008540464
0.008608508
0.01027751
0.008604574
0.009801579
0.009686684
0.008507586
0.009766316
0.008480334
0.009037114
0.01040835
0.01009312
0.009521532
0.009047962
0.01091001
0.01258516
0.01097085
0.01301847
0.01128757
0.0080966
0.01261747
0.009191299
0.01273081
0.009292603
0.009598136
0.01262343
0.01625428
0.01423767
0.01390238
0.01251049
0.00912366
0.01630602
0.01364398
0.01230834
0.0121604
0.01493235
0.01207881
0.01348817
0.01327515
0.01247838
0.01069589
0.01253514
0.01046648
0.01155424
0.01715903
0.01079059
0.018852
0.01256657
0.01412141
0.01628213
0.01011584
0.01154516
0.01487958
0.01007242
0.0126801
0.01351709
0.01234834
0.01437368
0.01559618
0.01223922
0.0156373
0.01566692
0.01650293
0.01499316
0.01852207
0.01429315
0.0186152
0.01319439
0.01488741
0.01459851
0.01395922
0.01480894
0.01643538
0.0207351
0.01560009
0.01398265
0.01425004
0.015499
0.01422586
0.01152418
0.02309682
0.01592998
0.01565371
0.01540878
0.01985459
0.01644325
0.018401
0.01612649
0.01790423
0.01437812
0.01586774
0.0220655
0.01647756
0.01651261
0.02013562
0.0164386
0.01530938
0.01614537
0.01867523
0.01427295
0.01712108
0.01985309
0.01658313
0.0191473
0.01912944
0.02150874
0.018156
0.01676764
0.02313034
0.01813109
0.01926231
0.02203479
0.0203033
0.02710209
0.02645156
0.02043843
0.02056987
0.02256923
0.02100501
0.02168679
0.02469518
0.016764
0.01942022
0.025878
0.02178183
0.02653599
0.01598363
0.01841288
0.0195473
0.02441602
0.0289885
0.01804931
0.02059331
0.02661469
0.02645657
0.01749332
0.01652279
0.02195356
0.02370851
0.02554031
0.01839263
0.02078597
0.01972379
0.01936212
0.02478812
0.01555748
0.02268889
0.01723852
0.02054174
0.02241264
0.02954116
0.02193708
0.02266438
0.03083253
0.02646491
0.02579422
0.01924279
0.02718928
0.01604178
0.0249917
0.01804092
0.01691
0.01811872
0.01624711
0.02219949
0.02118619
0.0227191
0.0276397
0.02320902
0.02262161
0.02456691
0.02784114
0.0328799
0.02651866
0.02766242
0.02467332
0.02431166
0.02525332
0.0242537
0.02510431
0.01973608
0.02786374
0.02073324
0.02446692
0.02529659
0.0300385
0.03297577
0.03333387
0.02574148
0.02051423
0.02513173
0.01872749
0.02150092
0.02919469
0.02844658
0.02376225
0.03173249
0.02887077
0.02530422
0.02404599
0.0353987
0.0299305
0.02508946
0.03225036
0.03247387
0.02756832
0.0271471
0.03295283
0.01888437
0.02609117
0.02587342
0.02761462
0.03066919
0.01955655
0.02485621
0.03377788
0.02885387
0.02887294
0.02627027
0.0269304
0.02498939
0.02308662
0.02354727
0.03278535
0.03101909
0.02577913
0.03315957
0.02761624
0.028723
0.0245228
0.02742863
0.02660198
0.02639737
0.02953048
0.03467669
0.03467238
0.03103559
0.0253797
0.02581332
0.02336097
0.03241558
0.02371986
0.03050721
0.03968906
0.03416398
0.03640511
0.0284102
0.02511296
0.02801924
0.03269374
0.02607968
0.02472093
0.02174337
0.02920563
0.02555852
0.03085897
0.03048487
0.02782698
0.02823508
0.03106396
0.03219752
0.02919574
0.03425686
0.03380392
0.03622918
0.03691452
0.0398211
0.03283448
0.03284449
0.02697709
0.02602024
0.0275887
0.03250709
0.03217654
0.02949359
0.02680247
0.03427808
0.02845194
0.03530424
0.03616407
0.03275185
0.04096444
0.03649905
0.02817533
0.03281422
0.03810125
0.03300161
0.03273487
0.03928568
0.03544223
0.03596737
0.03269689
0.03689601
0.02960296
0.03260028
0.04013574
0.03901138
0.03559773
0.04215
0.03232322
0.03936753
0.037988
0.03260241
0.03409645
0.03663058
0.03296032
0.03598733
0.03139834
0.03127358
0.04029267
0.03634801
0.03085902
0.04647679
0.03857417
0.04593711
0.03779895
0.04509485
0.03859801
0.04456771
0.03523154
0.04022911
0.03122752
0.03030925
0.03738592
0.03164942
0.03789813
0.04356799
0.03216186
0.04604113
0.03837571
0.04049816
0.03574941
0.03652789
0.03759224
0.0411834
0.03635883
0.04148991
0.03189838
0.04098806
0.04607182
0.04122532
0.03539054
0.0412152
0.03842893
0.04441226
0.04297519
0.03672898
0.03226979
0.04645467
0.05164828
0.04381545
0.04332802
0.03090854
0.04112653
0.04499276
0.0302815
0.04293261
0.0464663
0.046579
0.03702998
0.04725051
0.05187531
0.04787209
0.04724259
0.03857648
0.04764669
0.04500201
0.05222826
0.0358726
0.04871717
0.0487144
0.04724276
0.03495955
0.03167381
0.03693688
0.04780345
0.03467653
0.03767972
