3.018379e-05
2.441406e-05
3.199578e-05
3.161431e-05
3.409386e-05
4.229546e-05
4.899502e-05
6.146431e-05
0.0001324415
0.0001095057
0.0001249075
0.0001418114
9.467601e-05
0.0001058579
0.0001286507
0.0001322031
0.0003139973
0.000264287
0.0003435135
0.0003228903
0.0003753662
0.0003934384
0.0003392696
0.0002970934
0.0004748344
0.0004141808
0.0004770994
0.000468421
0.0003574848
0.0003663301
0.0003832817
0.0002946138
0.0005881309
0.0004766226
0.0005190372
0.0006041288
0.0005446196
0.0004903316
0.000451088
0.0007012844
0.0003608942
0.0004131317
0.0004253387
0.0006363869
0.0007605791
0.0009277344
0.0007459164
0.0007785797
0.0007216692
0.0005712748
0.0007906437
0.0006775618
0.0006840229
0.0004575253
0.0005666018
0.0005728006
0.0005008936
0.0007590056
0.0005637646
0.0006052256
0.0006407738
0.0005795241
0.0005218506
0.0005396843
0.0006356955
0.0007525683
0.001170778
0.0008160829
0.001138258
0.001053286
0.001266384
0.00143702
0.001049042
0.0009048462
0.0007475376
0.001467443
0.001160812
0.001019931
0.0008020401
0.0008807421
0.0007707834
0.0007782459
0.0007192373
0.0008656025
0.0009984016
0.00147152
0.001713848
0.001736641
0.001488137
0.0009768963
0.001046419
0.0009246826
0.0009949207
0.0009579659
0.001028728
0.0009181976
0.0009447336
0.001091671
0.0009589196
0.001145744
